### GEN_UNBAL 16 ###
Matrix M of msp is:
[[1 1 1 1 1 1 1 1 1 0 0 0 0 0]
[1 2 4 8 16 32 64 128 256 0 0 0 0 0]
[1 3 9 27 81 243 729 2187 6561 0 0 0 0 0]
[1 4 16 64 256 1024 4096 16384 65536 0 0 0 0 0]
[1 5 25 125 625 3125 15625 78125 390625 0 0 0 0 0]
[1 6 36 216 1296 7776 46656 279936 1679616 0 0 0 0 0]
[1 7 49 343 2401 16807 117649 823543 5764801 0 0 0 0 0]
[1 8 64 512 4096 32768 262144 2097152 16777216 0 0 0 0 0]
[1 9 81 729 6561 59049 531441 4782969 43046721 0 0 0 0 0]
[1 10 100 1000 10000 100000 1000000 10000000 100000000 0 0 0 0 0]
[1 11 121 1331 14641 161051 1771561 19487171 214358881 0 0 0 0 0]
[1 12 144 1728 20736 248832 2985984 35831808 429981696 0 0 0 0 0]
[1 13 169 2197 28561 371293 4826809 62748517 815730721 0 0 0 0 0]
[1 14 196 2744 38416 537824 7529536 105413504 1475789056 0 0 0 0 0]
[1 15 225 3375 50625 759375 11390625 170859375 2562890625 0 0 0 0 0]
[1 16 256 4096 65536 1048576 16777216 268435456 4294967296 0 0 0 0 0]
[1 0 0 0 0 0 0 0 0 1 1 1 0 0]
[1 0 0 0 0 0 0 0 0 1 2 4 0 0]
[1 0 0 0 0 0 0 0 0 1 3 9 0 0]
[1 0 0 0 0 0 0 0 0 1 4 16 0 0]
[1 0 0 0 0 0 0 0 0 1 5 25 0 0]
[1 0 0 0 0 0 0 0 0 1 6 36 0 0]
[1 0 0 0 0 0 0 0 0 1 7 49 0 0]
[1 0 0 0 0 0 0 0 0 1 8 64 0 0]
[1 0 0 0 0 0 0 0 0 1 9 81 0 0]
[1 0 0 0 0 0 0 0 0 2 0 0 1 1]
[1 0 0 0 0 0 0 0 0 2 0 0 2 4]
[1 0 0 0 0 0 0 0 0 2 0 0 3 9]
[1 0 0 0 0 0 0 0 0 2 0 0 4 16]
[1 0 0 0 0 0 0 0 0 2 0 0 5 25]
[1 0 0 0 0 0 0 0 0 2 0 0 6 36]
[1 0 0 0 0 0 0 0 0 2 0 0 7 49]
]
Matrix L of msp is:
0->0 1->1 2->2 3->3 4->4 5->5 6->6 7->7 8->8 9->9 10->10 11->11 12->12 13->13 14->14 15->15 16->0 17->1 18->2 19->3 20->4 21->5 22->6 23->7 24->8 25->9 26->10 27->11 28->12 29->13 30->14 31->15 
