### GEN_KGRID 16 ###
Matrix M of msp is:
[[1 1 1 1 1 1 0 0 0 0 0 0 0 0 0 0 0 0 0 0 0 0 0 0 0 0 0 0]
[1 1 1 2 4 8 0 0 0 0 0 0 0 0 0 0 0 0 0 0 0 0 0 0 0 0 0 0]
[1 1 1 3 9 27 0 0 0 0 0 0 0 0 0 0 0 0 0 0 0 0 0 0 0 0 0 0]
[1 1 1 4 16 64 0 0 0 0 0 0 0 0 0 0 0 0 0 0 0 0 0 0 0 0 0 0]
[1 1 2 0 0 0 1 1 1 0 0 0 0 0 0 0 0 0 0 0 0 0 0 0 0 0 0 0]
[1 1 2 0 0 0 2 4 8 0 0 0 0 0 0 0 0 0 0 0 0 0 0 0 0 0 0 0]
[1 1 2 0 0 0 3 9 27 0 0 0 0 0 0 0 0 0 0 0 0 0 0 0 0 0 0 0]
[1 1 2 0 0 0 4 16 64 0 0 0 0 0 0 0 0 0 0 0 0 0 0 0 0 0 0 0]
[1 1 3 0 0 0 0 0 0 1 1 1 0 0 0 0 0 0 0 0 0 0 0 0 0 0 0 0]
[1 1 3 0 0 0 0 0 0 2 4 8 0 0 0 0 0 0 0 0 0 0 0 0 0 0 0 0]
[1 1 3 0 0 0 0 0 0 3 9 27 0 0 0 0 0 0 0 0 0 0 0 0 0 0 0 0]
[1 1 3 0 0 0 0 0 0 4 16 64 0 0 0 0 0 0 0 0 0 0 0 0 0 0 0 0]
[1 1 4 0 0 0 0 0 0 0 0 0 1 1 1 0 0 0 0 0 0 0 0 0 0 0 0 0]
[1 1 4 0 0 0 0 0 0 0 0 0 2 4 8 0 0 0 0 0 0 0 0 0 0 0 0 0]
[1 1 4 0 0 0 0 0 0 0 0 0 3 9 27 0 0 0 0 0 0 0 0 0 0 0 0 0]
[1 1 4 0 0 0 0 0 0 0 0 0 4 16 64 0 0 0 0 0 0 0 0 0 0 0 0 0]
[1 2 0 0 0 0 0 0 0 0 0 0 0 0 0 1 1 1 1 0 0 0 0 0 0 0 0 0]
[1 2 0 0 0 0 0 0 0 0 0 0 0 0 0 1 2 4 8 0 0 0 0 0 0 0 0 0]
[1 2 0 0 0 0 0 0 0 0 0 0 0 0 0 1 3 9 27 0 0 0 0 0 0 0 0 0]
[1 2 0 0 0 0 0 0 0 0 0 0 0 0 0 1 4 16 64 0 0 0 0 0 0 0 0 0]
[1 2 0 0 0 0 0 0 0 0 0 0 0 0 0 2 0 0 0 1 1 1 0 0 0 0 0 0]
[1 2 0 0 0 0 0 0 0 0 0 0 0 0 0 2 0 0 0 2 4 8 0 0 0 0 0 0]
[1 2 0 0 0 0 0 0 0 0 0 0 0 0 0 2 0 0 0 3 9 27 0 0 0 0 0 0]
[1 2 0 0 0 0 0 0 0 0 0 0 0 0 0 2 0 0 0 4 16 64 0 0 0 0 0 0]
[1 2 0 0 0 0 0 0 0 0 0 0 0 0 0 3 0 0 0 0 0 0 1 1 1 0 0 0]
[1 2 0 0 0 0 0 0 0 0 0 0 0 0 0 3 0 0 0 0 0 0 2 4 8 0 0 0]
[1 2 0 0 0 0 0 0 0 0 0 0 0 0 0 3 0 0 0 0 0 0 3 9 27 0 0 0]
[1 2 0 0 0 0 0 0 0 0 0 0 0 0 0 3 0 0 0 0 0 0 4 16 64 0 0 0]
[1 2 0 0 0 0 0 0 0 0 0 0 0 0 0 4 0 0 0 0 0 0 0 0 0 1 1 1]
[1 2 0 0 0 0 0 0 0 0 0 0 0 0 0 4 0 0 0 0 0 0 0 0 0 2 4 8]
[1 2 0 0 0 0 0 0 0 0 0 0 0 0 0 4 0 0 0 0 0 0 0 0 0 3 9 27]
[1 2 0 0 0 0 0 0 0 0 0 0 0 0 0 4 0 0 0 0 0 0 0 0 0 4 16 64]
]
Matrix L of msp is:
0->0 1->1 2->2 3->3 4->4 5->5 6->6 7->7 8->8 9->9 10->10 11->11 12->12 13->13 14->14 15->15 16->0 17->4 18->8 19->12 20->1 21->5 22->9 23->13 24->2 25->6 26->10 27->14 28->3 29->7 30->11 31->15 
