### GEN_MAJ 64 ###
Matrix M of msp is:
[[1 1 1 1 1 1 1 1 1 1 1 1 1 1 1 1 1 1 1 1 1 1 1 1 1 1 1 1 1 1 1 1 1]
[1 2 4 8 16 32 64 128 256 512 1024 2048 4096 8192 16384 32768 65536 131072 262144 524288 1048576 2097152 4194304 8388608 16777216 33554432 67108864 134217728 268435456 536870912 1073741824 2147483648 4294967296]
[1 3 9 27 81 243 729 2187 6561 19683 59049 177147 531441 1594323 4782969 14348907 43046721 129140163 387420489 1162261467 3486784401 10460353203 31381059609 94143178827 282429536481 847288609443 2541865828329 7625597484987 22876792454961 68630377364883 205891132094649 617673396283947 1853020188851841]
[1 4 16 64 256 1024 4096 16384 65536 262144 1048576 4194304 16777216 67108864 268435456 1073741824 4294967296 17179869184 68719476736 274877906944 1099511627776 4398046511104 17592186044416 70368744177664 281474976710656 1125899906842624 4503599627370496 18014398509481984 72057594037927936 288230376151711744 1152921504606846976 4611686018427387904 18446744073709551616]
[1 5 25 125 625 3125 15625 78125 390625 1953125 9765625 48828125 244140625 1220703125 6103515625 30517578125 152587890625 762939453125 3814697265625 19073486328125 95367431640625 476837158203125 2384185791015625 11920928955078125 59604644775390625 298023223876953125 1490116119384765625 7450580596923828125 37252902984619140625 186264514923095703125 931322574615478515625 4656612873077392578125 23283064365386962890625]
[1 6 36 216 1296 7776 46656 279936 1679616 10077696 60466176 362797056 2176782336 13060694016 78364164096 470184984576 2821109907456 16926659444736 101559956668416 609359740010496 3656158440062976 21936950640377856 131621703842267136 789730223053602816 4738381338321616896 28430288029929701376 170581728179578208256 1023490369077469249536 6140942214464815497216 36845653286788892983296 221073919720733357899776 1326443518324400147398656 7958661109946400884391936]
[1 7 49 343 2401 16807 117649 823543 5764801 40353607 282475249 1977326743 13841287201 96889010407 678223072849 4747561509943 33232930569601 232630513987207 1628413597910449 11398895185373143 79792266297612001 558545864083284007 3909821048582988049 27368747340080916343 191581231380566414401 1341068619663964900807 9387480337647754305649 65712362363534280139543 459986536544739960976801 3219905755813179726837607 22539340290692258087863249 157775382034845806615042743 1104427674243920646305299201]
[1 8 64 512 4096 32768 262144 2097152 16777216 134217728 1073741824 8589934592 68719476736 549755813888 4398046511104 35184372088832 281474976710656 2251799813685248 18014398509481984 144115188075855872 1152921504606846976 9223372036854775808 73786976294838206464 590295810358705651712 4722366482869645213696 37778931862957161709568 302231454903657293676544 2417851639229258349412352 19342813113834066795298816 154742504910672534362390528 1237940039285380274899124224 9903520314283042199192993792 79228162514264337593543950336]
[1 9 81 729 6561 59049 531441 4782969 43046721 387420489 3486784401 31381059609 282429536481 2541865828329 22876792454961 205891132094649 1853020188851841 16677181699666569 150094635296999121 1350851717672992089 12157665459056928801 109418989131512359209 984770902183611232881 8862938119652501095929 79766443076872509863361 717897987691852588770249 6461081889226673298932241 58149737003040059690390169 523347633027360537213511521 4710128697246244834921603689 42391158275216203514294433201 381520424476945831628649898809 3433683820292512484657849089281]
[1 10 100 1000 10000 100000 1000000 10000000 100000000 1000000000 10000000000 100000000000 1000000000000 10000000000000 100000000000000 1000000000000000 10000000000000000 100000000000000000 1000000000000000000 10000000000000000000 100000000000000000000 1000000000000000000000 10000000000000000000000 100000000000000000000000 1000000000000000000000000 10000000000000000000000000 100000000000000000000000000 1000000000000000000000000000 10000000000000000000000000000 100000000000000000000000000000 1000000000000000000000000000000 10000000000000000000000000000000 100000000000000000000000000000000]
[1 11 121 1331 14641 161051 1771561 19487171 214358881 2357947691 25937424601 285311670611 3138428376721 34522712143931 379749833583241 4177248169415651 45949729863572161 505447028499293771 5559917313492231481 61159090448414546291 672749994932560009201 7400249944258160101211 81402749386839761113321 895430243255237372246531 9849732675807611094711841 108347059433883722041830251 1191817653772720942460132761 13109994191499930367061460371 144209936106499234037676064081 1586309297171491574414436704891 17449402268886407318558803753801 191943424957750480504146841291811 2111377674535255285545615254209921]
[1 12 144 1728 20736 248832 2985984 35831808 429981696 5159780352 61917364224 743008370688 8916100448256 106993205379072 1283918464548864 15407021574586368 184884258895036416 2218611106740436992 26623333280885243904 319479999370622926848 3833759992447475122176 46005119909369701466112 552061438912436417593344 6624737266949237011120128 79496847203390844133441536 953962166440690129601298432 11447545997288281555215581184 137370551967459378662586974208 1648446623609512543951043690496 19781359483314150527412524285952 237376313799769806328950291431424 2848515765597237675947403497177088 34182189187166852111368841966125056]
[1 13 169 2197 28561 371293 4826809 62748517 815730721 10604499373 137858491849 1792160394037 23298085122481 302875106592253 3937376385699289 51185893014090757 665416609183179841 8650415919381337933 112455406951957393129 1461920290375446110677 19004963774880799438801 247064529073450392704413 3211838877954855105157369 41753905413413116367045797 542800770374370512771595361 7056410014866816666030739693 91733330193268616658399616009 1192533292512492016559195008117 15502932802662396215269535105521 201538126434611150798503956371773 2619995643649944960380551432833049 34059943367449284484947168626829637 442779263776840698304313192148785281]
[1 14 196 2744 38416 537824 7529536 105413504 1475789056 20661046784 289254654976 4049565169664 56693912375296 793714773254144 11112006825558016 155568095557812224 2177953337809371136 30491346729331195904 426878854210636742656 5976303958948914397184 83668255425284801560576 1171355575953987221848064 16398978063355821105872896 229585692886981495482220544 3214199700417740936751087616 44998795805848373114515226624 629983141281877223603213172736 8819763977946281130444984418304 123476695691247935826229781856256 1728673739677471101567216945987584 24201432355484595421941037243826176 338820052976784335907174521413566464 4743480741674980702700443299789930496]
[1 15 225 3375 50625 759375 11390625 170859375 2562890625 38443359375 576650390625 8649755859375 129746337890625 1946195068359375 29192926025390625 437893890380859375 6568408355712890625 98526125335693359375 1477891880035400390625 22168378200531005859375 332525673007965087890625 4987885095119476318359375 74818276426792144775390625 1122274146401882171630859375 16834112196028232574462890625 252511682940423488616943359375 3787675244106352329254150390625 56815128661595284938812255859375 852226929923929274082183837890625 12783403948858939111232757568359375 191751059232884086668491363525390625 2876265888493261300027370452880859375 43143988327398919500410556793212890625]
[1 16 256 4096 65536 1048576 16777216 268435456 4294967296 68719476736 1099511627776 17592186044416 281474976710656 4503599627370496 72057594037927936 1152921504606846976 18446744073709551616 295147905179352825856 4722366482869645213696 75557863725914323419136 1208925819614629174706176 19342813113834066795298816 309485009821345068724781056 4951760157141521099596496896 79228162514264337593543950336 1267650600228229401496703205376 20282409603651670423947251286016 324518553658426726783156020576256 5192296858534827628530496329220096 83076749736557242056487941267521536 1329227995784915872903807060280344576 21267647932558653966460912964485513216 340282366920938463463374607431768211456]
[1 17 289 4913 83521 1419857 24137569 410338673 6975757441 118587876497 2015993900449 34271896307633 582622237229761 9904578032905937 168377826559400929 2862423051509815793 48661191875666868481 827240261886336764177 14063084452067724991009 239072435685151324847153 4064231406647572522401601 69091933913008732880827217 1174562876521148458974062689 19967568900859523802559065713 339448671314611904643504117121 5770627412348402378939569991057 98100666009922840441972689847969 1667711322168688287513535727415473 28351092476867700887730107366063041 481968572106750915091411825223071697 8193465725814765556554001028792218849 139288917338851014461418017489467720433 2367911594760467245844106297320951247361]
[1 18 324 5832 104976 1889568 34012224 612220032 11019960576 198359290368 3570467226624 64268410079232 1156831381426176 20822964865671168 374813367582081024 6746640616477458432 121439531096594251776 2185911559738696531968 39346408075296537575424 708235345355337676357632 12748236216396078174437376 229468251895129407139872768 4130428534112329328517709824 74347713614021927913318776832 1338258845052394702439737982976 24088659210943104643915283693568 433595865796975883590475106484224 7804725584345565904628551916716032 140485060518220186283313934500888576 2528731089327963353099650821015994368 45517159607903340355793714778287898624 819308872942260126404286866009182175232 14747559712960682275277163588165279154176]
[1 19 361 6859 130321 2476099 47045881 893871739 16983563041 322687697779 6131066257801 116490258898219 2213314919066161 42052983462257059 799006685782884121 15181127029874798299 288441413567621167681 5480386857784802185939 104127350297911241532841 1978419655660313589123979 37589973457545958193355601 714209495693373205673756419 13569980418174090907801371961 257829627945307727248226067259 4898762930960846817716295277921 93076495688256089536609610280499 1768453418076865701195582595329481 33600614943460448322716069311260139 638411683925748518131605316913942641 12129821994589221844500501021364910179 230466617897195215045509519405933293401 4378865740046709085864680868712732574619 83198449060887472631428936505541918917761]
[1 20 400 8000 160000 3200000 64000000 1280000000 25600000000 512000000000 10240000000000 204800000000000 4096000000000000 81920000000000000 1638400000000000000 32768000000000000000 655360000000000000000 13107200000000000000000 262144000000000000000000 5242880000000000000000000 104857600000000000000000000 2097152000000000000000000000 41943040000000000000000000000 838860800000000000000000000000 16777216000000000000000000000000 335544320000000000000000000000000 6710886400000000000000000000000000 134217728000000000000000000000000000 2684354560000000000000000000000000000 53687091200000000000000000000000000000 1073741824000000000000000000000000000000 21474836480000000000000000000000000000000 429496729600000000000000000000000000000000]
[1 21 441 9261 194481 4084101 85766121 1801088541 37822859361 794280046581 16679880978201 350277500542221 7355827511386641 154472377739119461 3243919932521508681 68122318582951682301 1430568690241985328321 30041942495081691894741 630880792396715529789561 13248496640331026125580781 278218429446951548637196401 5842587018385982521381124421 122694327386105632949003612841 2576580875108218291929075869661 54108198377272584130510593262881 1136272165922724266740722458520501 23861715484377209601555171628930521 501096025171921401632658604207540941 10523016528610349434285830688358359761 220983347100817338120002444455525554981 4640650289117164100520051333566036654601 97453656071460446110921078004886769746621 2046526777500669368329342638102622164679041]
[1 22 484 10648 234256 5153632 113379904 2494357888 54875873536 1207269217792 26559922791424 584318301411328 12855002631049216 282810057883082752 6221821273427820544 136880068015412051968 3011361496339065143296 66249952919459433152512 1457498964228107529355264 32064977213018365645815808 705429498686404044207947776 15519448971100888972574851072 341427877364219557396646723584 7511413302012830262726227918848 165251092644282265779977014214656 3635524038174209847159494312722432 79981528839832616637508874879893504 1759593634476317566025195247357657088 38711059958478986452554295441868455936 851643319086537701956194499721106030592 18736153019903829443036278993864332673024 412195366437884247746798137865015318806528 9068298061633453450429559033030337013743616]
[1 23 529 12167 279841 6436343 148035889 3404825447 78310985281 1801152661463 41426511213649 952809757913927 21914624432020321 504036361936467383 11592836324538749809 266635235464391245607 6132610415680998648961 141050039560662968926103 3244150909895248285300369 74615470927590710561908487 1716155831334586342923895201 39471584120695485887249589623 907846434775996175406740561329 20880467999847912034355032910567 480250763996501976790165756943041 11045767571919545466173812409689943 254052654154149545721997685422868689 5843211045545439551605946764725979847 134393854047545109686936775588697536481 3091058643093537522799545838540043339063 71094348791151363024389554286420996798449 1635170022196481349560959748587682926364327 37608910510519071039902074217516707306379521]
[1 24 576 13824 331776 7962624 191102976 4586471424 110075314176 2641807540224 63403380965376 1521681143169024 36520347436056576 876488338465357824 21035720123168587776 504857282956046106624 12116574790945106558976 290797794982682557415424 6979147079584381377970176 167499529910025153071284224 4019988717840603673710821376 96479729228174488169059713024 2315513501476187716057433112576 55572324035428505185378394701824 1333735776850284124449081472843776 32009658644406818986777955348250624 768231807465763655682670928358014976 18437563379178327736384102280592359424 442501521100279865673218454734216626176 10620036506406716776157242913621199028224 254880876153761202627773829926908776677376 6117141027690268863066571918245810640257024 146811384664566452713597726037899455366168576]
[1 25 625 15625 390625 9765625 244140625 6103515625 152587890625 3814697265625 95367431640625 2384185791015625 59604644775390625 1490116119384765625 37252902984619140625 931322574615478515625 23283064365386962890625 582076609134674072265625 14551915228366851806640625 363797880709171295166015625 9094947017729282379150390625 227373675443232059478759765625 5684341886080801486968994140625 142108547152020037174224853515625 3552713678800500929355621337890625 88817841970012523233890533447265625 2220446049250313080847263336181640625 55511151231257827021181583404541015625 1387778780781445675529539585113525390625 34694469519536141888238489627838134765625 867361737988403547205962240695953369140625 21684043449710088680149056017398834228515625 542101086242752217003726400434970855712890625]
[1 26 676 17576 456976 11881376 308915776 8031810176 208827064576 5429503678976 141167095653376 3670344486987776 95428956661682176 2481152873203736576 64509974703297150976 1677259342285725925376 43608742899428874059776 1133827315385150725554176 29479510200013918864408576 766467265200361890474622976 19928148895209409152340197376 518131871275444637960845131776 13471428653161560586981973426176 350257144982200575261531309080576 9106685769537214956799814036094976 236773830007967588876795164938469376 6156119580207157310796674288400203776 160059109085386090080713531498405298176 4161536836220038342098551818958537752576 108199957741720996894562347292921981566976 2813198901284745919258621029615971520741376 73143171433403393900724146770015259539275776 1901722457268488241418827816020396748021170176]
[1 27 729 19683 531441 14348907 387420489 10460353203 282429536481 7625597484987 205891132094649 5559060566555523 150094635296999121 4052555153018976267 109418989131512359209 2954312706550833698643 79766443076872509863361 2153693963075557766310747 58149737003040059690390169 1570042899082081611640534563 42391158275216203514294433201 1144561273430837494885949696427 30903154382632612361920641803529 834385168331080533771857328695283 22528399544939174411840147874772641 608266787713357709119683992618861307 16423203268260658146231467800709255289 443426488243037769948249630619149892803 11972515182562019788602740026717047105681 323257909929174534292273980721360271853387 8727963568087712425891397479476727340041449 235655016338368235499067731945871638181119123 6362685441135942358474828762538534230890216321]
[1 28 784 21952 614656 17210368 481890304 13492928512 377801998336 10578455953408 296196766695424 8293509467471872 232218265089212416 6502111422497947648 182059119829942534144 5097655355238390956032 142734349946674946768896 3996561798506898509529088 111903730358193158266814464 3133304450029408431470804992 87732524600823436081182539776 2456510688823056210273111113728 68782299287045573887647111184384 1925904380037276068854119113162752 53925322641043729927915335168557056 1509909033949224437981629384719597568 42277452950578284263485622772148731904 1183768682616191959377597437620164493312 33145523113253374862572728253364605812736 928074647171094496152036391094208962756608 25986090120790645892257018950637850957185024 727610523382138084983196530617859826801180672 20373094654699866379529502857300075150433058816]
[1 29 841 24389 707281 20511149 594823321 17249876309 500246412961 14507145975869 420707233300201 12200509765705829 353814783205469041 10260628712958602189 297558232675799463481 8629188747598184440949 250246473680347348787521 7257147736730073114838109 210457284365172120330305161 6103261246589991489578849669 176994576151109753197786640401 5132842708382182842735812571629 148852438543083302439338564577241 4316720717749415770740818372739989 125184900814733057351483732809459681 3630362123627258663193028251474330749 105280501585190501232597819292755591721 3053134545970524535745336759489912159909 88540901833145211536614766025207452637361 2567686153161211134561828214731016126483469 74462898441675122902293018227199467668020601 2159424054808578564166497528588784562372597429 62623297589448778360828428329074752308805325441]
[1 30 900 27000 810000 24300000 729000000 21870000000 656100000000 19683000000000 590490000000000 17714700000000000 531441000000000000 15943230000000000000 478296900000000000000 14348907000000000000000 430467210000000000000000 12914016300000000000000000 387420489000000000000000000 11622614670000000000000000000 348678440100000000000000000000 10460353203000000000000000000000 313810596090000000000000000000000 9414317882700000000000000000000000 282429536481000000000000000000000000 8472886094430000000000000000000000000 254186582832900000000000000000000000000 7625597484987000000000000000000000000000 228767924549610000000000000000000000000000 6863037736488300000000000000000000000000000 205891132094649000000000000000000000000000000 6176733962839470000000000000000000000000000000 185302018885184100000000000000000000000000000000]
[1 31 961 29791 923521 28629151 887503681 27512614111 852891037441 26439622160671 819628286980801 25408476896404831 787662783788549761 24417546297445042591 756943935220796320321 23465261991844685929951 727423121747185263828481 22550116774162743178682911 699053619999045038539170241 21670662219970396194714277471 671790528819082282036142601601 20825506393391550743120420649631 645590698195138073036733040138561 20013311644049280264138724244295391 620412660965527688188300451573157121 19232792489931358333837313998767870751 596216567187872108348956733961803993281 18482713582824035358817658752815923791711 572964121067545096123347421337293637543041 17761887753093897979823770061456102763834271 550618520345910837374536871905139185678862401 17069174130723235958610643029059314756044734431 529144398052420314716929933900838757437386767361]
[1 32 1024 32768 1048576 33554432 1073741824 34359738368 1099511627776 35184372088832 1125899906842624 36028797018963968 1152921504606846976 36893488147419103232 1180591620717411303424 37778931862957161709568 1208925819614629174706176 38685626227668133590597632 1237940039285380274899124224 39614081257132168796771975168 1267650600228229401496703205376 40564819207303340847894502572032 1298074214633706907132624082305024 41538374868278621028243970633760768 1329227995784915872903807060280344576 42535295865117307932921825928971026432 1361129467683753853853498429727072845824 43556142965880123323311949751266331066368 1393796574908163946345982392040522594123776 44601490397061246283071436545296723011960832 1427247692705959881058285969449495136382746624 45671926166590716193865151022383844364247891968 1461501637330902918203684832716283019655932542976]
[1 33 1089 35937 1185921 39135393 1291467969 42618442977 1406408618241 46411484401953 1531578985264449 50542106513726817 1667889514952984961 55040353993448503713 1816331681783800622529 59938945498865420543457 1977985201462558877934081 65273511648264442971824673 2154025884392726618070214209 71082854184959978396317068897 2345734188103679287078463273601 77409228207421416473589288028833 2554504530844906743628446504951489 84298649517881922539738734663399137 2781855434090103443811378243892171521 91801229324973413645775482048441660193 3029440567724122650310590907598574786369 99971538734896047460249499950752967950177 3299060778251569566188233498374847942355841 108869005682301795684211705446369982097742753 3592677187515959257578986279730209409225510849 118558347188026655500106547231096910504441858017 3912425457204879631503516058626198046646581314561]
[1 34 1156 39304 1336336 45435424 1544804416 52523350144 1785793904896 60716992766464 2064377754059776 70188843638032384 2386420683693101056 81138303245565435904 2758702310349224820736 93795878551873643905024 3189059870763703892770816 108428035605965932354207744 3686553210602841700043063296 125342809160496617801464152064 4261655511456885005249781170176 144896287389534090178492559785984 4926473771244159066068747032723456 167500108222301408246337399112597504 5695003679558247880375471569828315136 193630125104980427932766033374162714624 6583424253569334549714045134721532297216 223836424621357374690277534580532098105344 7610438437126150739469436175738091335581696 258754906862289125141960829975095105409777664 8797666833317830254826668219153233583932440576 299120672332806228664106719451209941853702979584 10170102859315411774579628461341138023025901305856]
[1 35 1225 42875 1500625 52521875 1838265625 64339296875 2251875390625 78815638671875 2758547353515625 96549157373046875 3379220508056640625 118272717781982421875 4139545122369384765625 144884079282928466796875 5070942774902496337890625 177482997121587371826171875 6211904899255558013916015625 217416671473944530487060546875 7609583501588058567047119140625 266335422555582049846649169921875 9321739789445371744632720947265625 326260892630588011062145233154296875 11419131242070580387175083160400390625 399669593472470313551127910614013671875 13988435771536460974289476871490478515625 489595252003776134100131690502166748046875 17135833820132164693504609167575836181640625 599754183704625764272661320865154266357421875 20991396429661901749543146230280399322509765625 734698875038166561234010118059813976287841796875 25714460626335829643190354132093489170074462890625]
[1 36 1296 46656 1679616 60466176 2176782336 78364164096 2821109907456 101559956668416 3656158440062976 131621703842267136 4738381338321616896 170581728179578208256 6140942214464815497216 221073919720733357899776 7958661109946400884391936 286511799958070431838109696 10314424798490535546171949056 371319292745659279662190166016 13367494538843734067838845976576 481229803398374426442198455156736 17324272922341479351919144385642496 623673825204293256669089197883129856 22452257707354557240087211123792674816 808281277464764060643139600456536293376 29098125988731506183153025616435306561536 1047532535594334222593508922191671036215296 37711171281396032013366321198900157303750656 1357602166130257152481187563160405662935023616 48873677980689257489322752273774603865660850176 1759452407304813269615619081855885739163790606336 63340286662973277706162286946811886609896461828096]
[1 37 1369 50653 1874161 69343957 2565726409 94931877133 3512479453921 129961739795077 4808584372417849 177917621779460413 6582952005840035281 243569224216081305397 9012061295995008299689 333446267951815307088493 12337511914217166362274241 456487940826035155404146917 16890053810563300749953435929 624931990990842127748277129373 23122483666661158726686253786801 855531895666462872887391390111637 31654680139659126296833481434130569 1171223165167387672982838813062831053 43335257111193343900365036083324748961 1603404513114153724313506335083015711557 59325966985223687799599734398071581327609 2195060778453276448585190172728648509121533 81217248802771228597652036390959994837496721 3005038205702535458113125346465519808987378677 111186413610993811950185637819224232932533011049 4113897303606771042156868599311296618503721408813 152214200233450528559804138174517974884637692126081]
[1 38 1444 54872 2085136 79235168 3010936384 114415582592 4347792138496 165216101262848 6278211847988224 238572050223552512 9065737908494995456 344498040522809827328 13090925539866773438464 497455170514937390661632 18903296479567620845142016 718325266223569592115396608 27296360116495644500385071104 1037261684426834491014632701952 39415944008219710658556042674176 1497805872312349005025129621618688 56916623147869262190954925621510144 2162831679619031963256287173617385472 82187603825523214603738912597460647936 3123128945369882154942078678703504621568 118678899924055521887798989790733175619584 4509798197114109831736361612047860673544192 171372331490336173605981741257818705594679296 6512148596632774597027306167797110812597813248 247461646672045434687037634376290210878716903424 9403542573537726518107430106299028013391242330112 357334617794433607688082344039363064508867208544256]
[1 39 1521 59319 2313441 90224199 3518743761 137231006679 5352009260481 208728361158759 8140406085191601 317475837322472439 12381557655576425121 482880748567480579719 18832349194131742609041 734461618571137961752599 28644003124274380508351361 1117116121846700839825703079 43567528752021332753202420081 1699133621328831977374894383159 66266211231824447117620880943201 2584382238041153437587214356784839 100790907283604984065901359914608721 3930845384060594378570153036669740119 153302969978363180764235968430119864641 5978815829156164049805202768774674720999 233173817337090397942402907982212314118961 9093778876146525519753713411306280250639479 354657376169714495270394823040944929774939681 13831637670618865315545398098596852261222647559 539433869154135747306270525845277238187683254801 21037920897011294144944550507965812289319646937239 820478914983440471652837469810666679283466230552321]
[1 40 1600 64000 2560000 102400000 4096000000 163840000000 6553600000000 262144000000000 10485760000000000 419430400000000000 16777216000000000000 671088640000000000000 26843545600000000000000 1073741824000000000000000 42949672960000000000000000 1717986918400000000000000000 68719476736000000000000000000 2748779069440000000000000000000 109951162777600000000000000000000 4398046511104000000000000000000000 175921860444160000000000000000000000 7036874417766400000000000000000000000 281474976710656000000000000000000000000 11258999068426240000000000000000000000000 450359962737049600000000000000000000000000 18014398509481984000000000000000000000000000 720575940379279360000000000000000000000000000 28823037615171174400000000000000000000000000000 1152921504606846976000000000000000000000000000000 46116860184273879040000000000000000000000000000000 1844674407370955161600000000000000000000000000000000]
[1 41 1681 68921 2825761 115856201 4750104241 194754273881 7984925229121 327381934393961 13422659310152401 550329031716248441 22563490300366186081 925103102315013629321 37929227194915558802161 1555098314991537910888601 63759030914653054346432641 2614120267500775228203738281 107178930967531784356353269521 4394336169668803158610484050361 180167782956420929503029846064801 7386879101213258109624223688656841 302862043149743582494593171234930481 12417343769139486882278320020632149721 509111094534718962173411120845918138561 20873554875923477449109855954682643681001 855815749912862575413504094141988390921041 35088445746427365591953667859821524027762681 1438626275603521989270100382252682485138269921 58983677299744401560074115672359981890669066761 2418330769289520463963038742566759257517431737201 99151561540870339022484588445237129558214701225241 4065214023175683899921868126254722311886802750234881]
[1 42 1764 74088 3111696 130691232 5489031744 230539333248 9682651996416 406671383849472 17080198121677824 717368321110468608 30129469486639681536 1265437718438866624512 53148384174432398229504 2232232135326160725639168 93753749683698750476845056 3937657486715347520027492352 165381614442044595841154678784 6946027806565873025328496508928 291733167875766667063796853374976 12252793050782200016679467841748992 514617308132852400700537649353457664 21613926941579800829422581272845221888 907784931546351634835748413459499319296 38126967124946768663101433365298971410432 1601332619247764283850260201342556799238144 67255970008406099921710928456387385568002048 2824750740353056196711858995168270193856086016 118639531094828360261898077797067348141955612672 4982860305982791130999719267476828621962135732224 209280132851277227501988209234026802122409700753408 8789765579753643555083504787829125689141207431643136]
[1 43 1849 79507 3418801 147008443 6321363049 271818611107 11688200277601 502592611936843 21611482313284249 929293739471222707 39959630797262576401 1718264124282290785243 73885357344138503765449 3177070365797955661914307 136614025729312093462315201 5874403106360420018879553643 252599333573498060811820806649 10861771343660416614908294685907 467056167777397914441056671494001 20083415214428110320965436874242043 863586854220408743801513785592407849 37134234731477575983465092780473537507 1596772093453535767288998989560362112801 68661200018502037993426956551095570850443 2952431600795587633717359131697109546569049 126954558834210268249846442662975710502469107 5459046029871041534743397034507955551606171601 234738979284454785993966072483842088719065378843 10093776109231555797740541116805209814919811290249 434032372696956899302843268022624022041551885480707 18663392025969146670022260524972832947786731075670401]
[1 44 1936 85184 3748096 164916224 7256313856 319277809664 14048223625216 618121839509504 27197360938418176 1196683881290399744 52654090776777588736 2316779994178213904384 101938319743841411792896 4485286068729022118887424 197352587024076973231046656 8683513829059386822166052864 382074608478613020175306326016 16811282773058972887713478344704 739696442014594807059393047166976 32546643448642171510613294075346944 1432052311740255546466984939315265536 63010301716571244044547337329871683584 2772453275529134737960082842514354077696 121987944123281928470243645070631579418624 5367469541424404852690720383107789494419456 236168659822673813518391696856742737754456064 10391421032197647794809234661696680461196066816 457222525416696502971606325114653940292626939904 20117791118334646130750678305044773372875585355776 885182809206724429753029845421970028406525755654144 38948043605095874909133313198566681249887133248782336]
[1 45 2025 91125 4100625 184528125 8303765625 373669453125 16815125390625 756680642578125 34050628916015625 1532278301220703125 68952523554931640625 3102863559971923828125 139628860198736572265625 6283298708943145751953125 282748441902441558837890625 12723679885609870147705078125 572565594852444156646728515625 25765451768359987049102783203125 1159445329576199417209625244140625 52175039830928973774433135986328125 2347876792391803819849491119384765625 105654455657631171893227100372314453125 4754450504593402735195219516754150390625 213950272706703123083784878253936767578125 9627762271801640538770319521427154541015625 433249302231073824244664378464221954345703125 19496218600398322091009897030889987945556640625 877329837017924494095445366390049457550048828125 39479842665806602234295041487552225589752197265625 1776592919961297100543276866939850151538848876953125 79946681398258369524447459012293256819248199462890625]
[1 46 2116 97336 4477456 205962976 9474296896 435817657216 20047612231936 922190162669056 42420747482776576 1951354384207722496 89762301673555234816 4129065876983540801536 189937030341242876870656 8737103395697172336050176 401906756202069927458308096 18487710785295216663082172416 850434696123579966501779931136 39119996021684678459081876832256 1799519816997495209117766334283776 82777911581884779619417251377053696 3807783932766699862493193563344470016 175158060907268193674686903913845620736 8057270801734336909035597580036898553856 370634456879779497815637488681697333477376 17049185016469856899519324479358077339959296 784262510757613417377888926050471557638127616 36076075494850217199382890598321691651353870336 1659499472763109991171612967522797815962278035456 76336975747103059593894196506048699534264789630976 3511500884366740741319133039278240178576180323024896 161529040680870074100680119806799048214504294859145216]
[1 47 2209 103823 4879681 229345007 10779215329 506623120463 23811286661761 1119130473102767 52599132235830049 2472159215084012303 116191483108948578241 5460999706120583177327 256666986187667409334369 12063348350820368238715343 566977372488557307219621121 26647936506962193439322192687 1252453015827223091648143056289 58865291743879485307462723645583 2766668711962335809450748011342401 130033429462229783044185156533092847 6111571184724799803076702357055363809 287243845682065590744605010781602099023 13500460747057082764996435506735298654081 634521655111682889954832468816559036741807 29822517790249095827877126034378274726864929 1401658336141707503910224923615778912162651663 65877941798660252683780571409941608871644628161 3096263264537031876137686856267255616967297523567 145524373433240498178471282244561013997462983607649 6839645551362303414388150265494367657880760229559503 321463340914028260476243062478235279920395730789296641]
[1 48 2304 110592 5308416 254803968 12230590464 587068342272 28179280429056 1352605460594688 64925062108545024 3116402981210161152 149587343098087735296 7180192468708211294208 344649238497994142121984 16543163447903718821855232 794071845499378503449051136 38115448583970168165554454528 1829541532030568071946613817344 87817993537467267453437463232512 4215263689798428837764998235160576 202332657110324584212719915287707648 9711967541295580042210555933809967104 466174441982187842026106684822878420992 22376373215145016417253120871498164207616 1074065914326960788028149801831911881965568 51555163887694117825351190487931770334347264 2474647866609317655616857143420724976048668672 118783097597247247469609142884194798850336096256 5701588684667867878541238858441350344816132620288 273676256864057658169979465205184816551174365773824 13136460329474767592159014329848871194456369557143552 630550095814788844423632687832745817333905738742890496]
[1 49 2401 117649 5764801 282475249 13841287201 678223072849 33232930569601 1628413597910449 79792266297612001 3909821048582988049 191581231380566414401 9387480337647754305649 459986536544739960976801 22539340290692258087863249 1104427674243920646305299201 54116956037952111668959660849 2651730845859653471779023381601 129934811447123020117172145698449 6366805760909027985741435139224001 311973482284542371301330321821976049 15286700631942576193765185769276826401 749048330965186233494494102694564493649 36703368217294125441230211032033660188801 1798465042647412146620280340569649349251249 88124787089723195184393736687912818113311201 4318114567396436564035293097707728087552248849 211587613802425391637729361787678676290060193601 10367793076318844190248738727596255138212949486449 508021860739623365322188197652216501772434524836001 24893071176241544900787221684958608586849291716964049 1219760487635835700138573862562971820755615294131238401]
[1 50 2500 125000 6250000 312500000 15625000000 781250000000 39062500000000 1953125000000000 97656250000000000 4882812500000000000 244140625000000000000 12207031250000000000000 610351562500000000000000 30517578125000000000000000 1525878906250000000000000000 76293945312500000000000000000 3814697265625000000000000000000 190734863281250000000000000000000 9536743164062500000000000000000000 476837158203125000000000000000000000 23841857910156250000000000000000000000 1192092895507812500000000000000000000000 59604644775390625000000000000000000000000 2980232238769531250000000000000000000000000 149011611938476562500000000000000000000000000 7450580596923828125000000000000000000000000000 372529029846191406250000000000000000000000000000 18626451492309570312500000000000000000000000000000 931322574615478515625000000000000000000000000000000 46566128730773925781250000000000000000000000000000000 2328306436538696289062500000000000000000000000000000000]
[1 51 2601 132651 6765201 345025251 17596287801 897410677851 45767944570401 2334165173090451 119042423827613001 6071163615208263051 309629344375621415601 15791096563156692195651 805345924720991301978201 41072642160770556400888251 2094704750199298376445300801 106829942260164217198710340851 5448327055268375077134227383401 277864679818687128933845596553451 14171098670753043575626125424226001 722726032208405222356932396635526051 36859027642628666340203552228411828601 1879810409774061983350381163649003258651 95870330898477161150869439346099166191201 4889386875822335218694341406651057475751251 249358730666939096153411411739203931263313801 12717295264013893903823981998699400494429003851 648582058464708589095023081933669425215879196401 33077684981700138043846177178617140686009839016451 1686961934066707040236155036109474174986501789839001 86035058637402059052043906841583182924311591281789051 4387787990507505011654239248920742329139891155371241601]
[1 52 2704 140608 7311616 380204032 19770609664 1028071702528 53459728531456 2779905883635712 144555105949057024 7516865509350965248 390877006486250192896 20325604337285010030592 1056931425538820521590784 54960434128018667122720768 2857942574656970690381479936 148613013882162475899836956672 7727876721872448746791521746944 401849589537367334833159130841088 20896178655943101411324274803736576 1086601290109041273388862289794301952 56503267085670146216220839069303701504 2938169888454847603243483631603792478208 152784834199652075368661148843397208866816 7944811378381907919170379739856654861074432 413130191675859211796859746472546052775870464 21482769967144679013436706816572394744345264128 1117104038291523308698708754461764526705953734656 58089409991159212052332855232011755388709594202112 3020649319540279026721308472064611280212898898509824 157073764616094509389508040547359786571070742722510848 8167835760036914488254418108462708901695678621570564096]
[1 53 2809 148877 7890481 418195493 22164361129 1174711139837 62259690411361 3299763591802133 174887470365513049 9269035929372191597 491258904256726154641 26036721925606486195973 1379946262057143768386569 73137151889028619724488157 3876269050118516845397872321 205442259656281392806087233013 10888439761782913818722623349689 577087307374494432392299037533517 30585627290848204916791848989276401 1621038246414954860589967996431649253 85915027059992607611268303810877410409 4553496434179608203397220101976502751677 241335311011519234780052665404754645838881 12790771483610519443342791266451996229460693 677910888631357530497167937121955800161416729 35929277097461949116349900667463657408555086637 1904251686165483303166544735375573842653419591761 100925339366770615067826870974905413660631238363333 5349042986438842598594824161669986924013455633256649 283499278281258657725525680568509306972713148562602397 15025461748906708859452861070130993269553796873817927041]
[1 54 2916 157464 8503056 459165024 24794911296 1338925209984 72301961339136 3904305912313344 210832519264920576 11384956040305711104 614787626176508399616 33198531813531453579264 1792720717930698493280256 96806918768257718637133824 5227573613485916806405226496 282288975128239507545882230784 15243604656924933407477640462336 823154651473946404003792584966144 44450351179593105816204799588171776 2400318963698027714075059177761275904 129617224039693496560053195599108898816 6999330098143448814242872562351880536064 377963825299746235969115118367001548947456 20410046566186296742332216391818083643162624 1102142514574060024085939685158176516730781696 59515695786999241300640742998541531903462211584 3213847572497959030234600121921242722786959425536 173547768914889787632668406583747107030495808978944 9371579521404048532164093955522343779646773684862976 506065294155818620736861073598206564100925778982600704 27327525884414205519790497974303154461449992065060438016]
[1 55 3025 166375 9150625 503284375 27680640625 1522435234375 83733937890625 4605366583984375 253295162119140625 13931233916552734375 766217865410400390625 42141982597572021484375 2317809042866461181640625 127479497357655364990234375 7011372354671045074462890625 385625479506907479095458984375 21209401372879911350250244140625 1166517075508395124263763427734375 64158439152961731834506988525390625 3528714153412895250897884368896484375 194079278437709238799383640289306640625 10674360314074008133966100215911865234375 587089817274070447368135511875152587890625 32289939950073874605247453153133392333984375 1775946697254063103288609923422336578369140625 97677068348973470680873545788228511810302734375 5372238759193540887448045018352568149566650390625 295473131755644748809642476009391248226165771484375 16251022246560461184530336180516518652439117431640625 893806223560825365149168489928408525884151458740234375 49159342295845395083204266946062468923628330230712890625]
[1 56 3136 175616 9834496 550731776 30840979456 1727094849536 96717311574016 5416169448144896 303305489096114176 16985107389382393856 951166013805414055936 53265296773103187132416 2982856619293778479415296 167039970680451594847256576 9354238358105289311446368256 523837348053896201440996622336 29334891491018187280695810850816 1642753923497018487718965407645696 91994219715833035312262062828158976 5151676304086649977486675518376902656 288493873028852398739253829029106548736 16155656889615734329398214425629966729216 904716785818481122446300007835278136836096 50664140005834942856992800438775575662821376 2837191840326756799991596824571432237117997056 158882743058298380799529422176000205278607835136 8897433611264709324773647641856011495602038767616 498256282230823722187324267943936643753714170986496 27902351804926128442490159004860452050207993575243776 1562531701075863192779448904272185314811647640213651456 87501775260248338795649138639242377629452267851964481536]
[1 57 3249 185193 10556001 601692057 34296447249 1954897493193 111429157112001 6351461955384057 362033331456891249 20635899893042801193 1176246293903439668001 67046038752496061076057 3821624208892275481335249 217832579906859702436109193 12416457054691003038858224001 707738052117387173214918768057 40341068970691068873250369779249 2299440931329390925775271077417193 131068133085775282769190451412780001 7470883585889191117843855730528460057 425840364395683893717099776640122223249 24272900770553981941874687268486966725193 1383555343921576970686857174303757103336001 78862654603529887329150858935314154890152057 4495171312401203577761598959312906828738667249 256224764806868603932411140680835689238104033193 14604811593991510424147435018807634286571929892001 832474260857516094176403796072035154334600003844057 47451032868878417368055016376106003797072200219111249 2704708873526069789979135933438042216433115412489341193 154168405790985978028810748205968406336687578511892448001]
[1 58 3364 195112 11316496 656356768 38068692544 2207984167552 128063081718016 7427658739644928 430804206899405824 24986644000165537792 1449225352009601191936 84055070416556869132288 4875194084160298409672704 282761256881297307761016832 16400152899115243850138976256 951208868148684143308060622848 55170114352623680311867516125184 3199866632452173458088315935260672 185592264682226060569122324245118976 10764351351569111513009094806216900608 624332378391008467754527498760580235264 36211277946678491129762594928113653645312 2100254120907352485526230505830591911428096 121814739012626444160521369338174330862829568 7065254862732333761310239421614111190044114944 409784782038475358155993886453618449022558666752 23767517358231570773047645414309870043308402671616 1378516006777431104836763434029972462511887354953728 79953928393091004080532279173738402825689466587316224 4637327846799278236670872192076827363889989062064340992 268965015114358137726910587140455987105619365599731777536]
[1 59 3481 205379 12117361 714924299 42180533641 2488651484819 146830437604321 8662995818654939 511116753300641401 30155888444737842659 1779197418239532716881 104972647676132430295979 6193386212891813387462761 365409786560616989860302899 21559177407076402401757871041 1271991467017507741703714391419 75047496554032956760519149093721 4427802296687944448870629796529539 261240335504588722483367157995242801 15413179794770734626518662321719325259 909377607891473342964601076981440190281 53653278865596927234911463541904971226579 3165543453070218706859776348972393302368161 186767063731142903704726804589371204839721499 11019256760137431318578881470772901085543568441 650136148848108447796154006775601164047070538019 38358032782038398419973086399760468678777161743121 2263123934140265506778412097585867652047852542844139 133524312114275664899926313757566191470823300027804201 7877934414742264229095652511696405296778574701640447859 464798130469793589516643498190087912509935907396786423681]
[1 60 3600 216000 12960000 777600000 46656000000 2799360000000 167961600000000 10077696000000000 604661760000000000 36279705600000000000 2176782336000000000000 130606940160000000000000 7836416409600000000000000 470184984576000000000000000 28211099074560000000000000000 1692665944473600000000000000000 101559956668416000000000000000000 6093597400104960000000000000000000 365615844006297600000000000000000000 21936950640377856000000000000000000000 1316217038422671360000000000000000000000 78973022305360281600000000000000000000000 4738381338321616896000000000000000000000000 284302880299297013760000000000000000000000000 17058172817957820825600000000000000000000000000 1023490369077469249536000000000000000000000000000 61409422144648154972160000000000000000000000000000 3684565328678889298329600000000000000000000000000000 221073919720733357899776000000000000000000000000000000 13264435183244001473986560000000000000000000000000000000 795866110994640088439193600000000000000000000000000000000]
[1 61 3721 226981 13845841 844596301 51520374361 3142742836021 191707312997281 11694146092834141 713342911662882601 43513917611435838661 2654348974297586158321 161915287432152755657581 9876832533361318095112441 602486784535040403801858901 36751693856637464631913392961 2241853325254885342546716970621 136753052840548005895349735207881 8341936223273428359616333847680741 508858109619679129936596364708525201 31040344686800426926132378247220037261 1893461025894826042494075073080422272921 115501122579584388592138579457905758648181 7045568477354647704120453346932251277539041 429779677118633509951347654162867327929881501 26216560304236644107032206903934907003722771561 1599210178558435290528964621140029327227089065221 97551820892064552722266841889541788960852432978481 5950661074415937716058277355262049126611998411687341 362990325539372200679554918670984996723331903112927801 22142409857901704241452850038930084800123246089888595861 1350687001332003958728623852374735172807518011483204347521]
[1 62 3844 238328 14776336 916132832 56800235584 3521614606208 218340105584896 13537086546263552 839299365868340224 52036560683837093888 3226266762397899821056 200028539268669788905472 12401769434657526912139264 768909704948766668552634368 47672401706823533450263330816 2955688905823059073916326510592 183252712161029662582812243656704 11361668153983839080134359106715648 704423425546998022968330264616370176 43674252383913877424036476406214950912 2707803647802660400290261537185326956544 167883826163764944817996215305490271305728 10408797222153426578715765348940396820955136 645345427773512447880377451634304602899218432 40011416521957771768583402001326885379751542784 2480707824361381849652170924082266893544595652608 153803885110405674678434597293100547399764930461696 9535840876845151830062945032172233938785425688625152 591222134364399413463902591994678504204696392694759424 36655772330592763634761960703670067260691176347075084288 2272657884496751345355241563627544170162852933518655225856]
[1 63 3969 250047 15752961 992436543 62523502209 3938980639167 248155780267521 15633814156853823 984930291881790849 62050608388552823487 3909188328478827879681 246278864694166156419903 15515568475732467854453889 977480813971145474830595007 61581291280182164914327485441 3879621350651476389602631582783 244416145091043012544965789715329 15398217140735709790332844752065727 970087679866349716790969219380140801 61115523831580032157831060820948870463 3850278001389542025943356831719778839169 242567514087541147634431480398346066867647 15281753387515092300969183265095802212661761 962750463413450814961058545701035539397690943 60653279195047401342546688379165238982054529409 3821156589287986284580441367887410055869435352767 240732865125143135928567806176906833519774427224321 15166170502884017563499771789145130511745788915132223 955468741681693106500485622716143222239984701653330049 60194530725946665709530594231117023001119036204159793087 3792255435734639939700427436560372449070499280862066964481]
[1 64 4096 262144 16777216 1073741824 68719476736 4398046511104 281474976710656 18014398509481984 1152921504606846976 73786976294838206464 4722366482869645213696 302231454903657293676544 19342813113834066795298816 1237940039285380274899124224 79228162514264337593543950336 5070602400912917605986812821504 324518553658426726783156020576256 20769187434139310514121985316880384 1329227995784915872903807060280344576 85070591730234615865843651857942052864 5444517870735015415413993718908291383296 348449143727040986586495598010130648530944 22300745198530623141535718272648361505980416 1427247692705959881058285969449495136382746624 91343852333181432387730302044767688728495783936 5846006549323611672814739330865132078623730171904 374144419156711147060143317175368453031918731001856 23945242826029513411849172299223580994042798784118784 1532495540865888858358347027150309183618739122183602176 98079714615416886934934209737619787751599303819750539264 6277101735386680763835789423207666416102355444464034512896]
]
Matrix L of msp is:
0->0 1->1 2->2 3->3 4->4 5->5 6->6 7->7 8->8 9->9 10->10 11->11 12->12 13->13 14->14 15->15 16->16 17->17 18->18 19->19 20->20 21->21 22->22 23->23 24->24 25->25 26->26 27->27 28->28 29->29 30->30 31->31 32->32 33->33 34->34 35->35 36->36 37->37 38->38 39->39 40->40 41->41 42->42 43->43 44->44 45->45 46->46 47->47 48->48 49->49 50->50 51->51 52->52 53->53 54->54 55->55 56->56 57->57 58->58 59->59 60->60 61->61 62->62 63->63 
